// Letra A:

0     0     1     0     0
0     1     0     1     0
1     0     0     0     1
1     0     0     0     1
1     0     0     0     1
1     1     1     1     1
1     0     0     0     1

// Letra B:

1     1     1     1     0
1     0     0     0     1
1     0     0     0     1
1     1     1     1     0
1     0     0     0     1
1     0     0     0     1
1     1     1     1     0

// Letra C:

0     1     1     1     0
1     0     0     0     1
1     0     0     0     0
1     0     0     0     0
1     0     0     0     0
1     0     0     0     1
0     1     1     1     0

// Letra D:

1     1     1     1     0
1     0     0     0     1
1     0     0     0     1
1     0     0     0     1
1     0     0     0     1
1     0     0     0     1
1     1     1     1     0

// Letra E:

1     1     1     1     1
1     0     0     0     0
1     0     0     0     0
1     1     1     0     0
1     0     0     0     0
1     0     0     0     0
1     1     1     1     1

// Letra F:

1     1     1     1     1
1     0     0     0     0
1     0     0     0     0
1     1     1     0     0
1     0     0     0     0
1     0     0     0     0
1     0     0     0     0


// Letra G:

0     1     1     1     0
1     0     0     0     1
1     0     0     0     0
1     0     0     0     0
1     0     0     1     1
1     0     0     0     1
0     1     1     1     1

// Letra H:

1     0     0     0     1
1     0     0     0     1
1     0     0     0     1
1     1     1     1     1
1     0     0     0     1
1     0     0     0     1
1     0     0     0     1

// Letra I:

0     1     1     1     0
0     0     1     0     0
0     0     1     0     0
0     0     1     0     0
0     0     1     0     0
0     0     1     0     0
0     1     1     1     0

// Letra J:

0     0     1     1     1
0     0     0     1     0
0     0     0     1     0
0     0     0     1     0
1     0     0     1     0
1     0     0     1     0
0     1     1     0     0

// Letra K:

1     0     0     0     1
1     0     0     1     0
1     0     1     0     0
1     1     0     0     0
1     0     1     0     0
1     0     0     1     0
1     0     0     0     1

// Letra L:

1     0     0     0     0
1     0     0     0     0
1     0     0     0     0
1     0     0     0     0
1     0     0     0     0
1     0     0     0     0
1     1     1     1     1

// Letra M:

1     0     0     0     1
1     1     0     1     1
1     0     1     0     1
1     0     1     0     1
1     0     1     0     1
1     0     0     0     1
1     0     0     0     1

// Letra N:

1     0     0     0     1
1     1     0     0     1
1     0     1     0     1
1     0     1     0     1
1     0     1     0     1
1     0     0     1     1
1     0     0     0     1


// Letra O:

0     1     1     1     0
1     0     0     0     1
1     0     0     0     1
1     0     0     0     1
1     0     0     0     1
1     0     0     0     1
0     1     1     1     0

// Letra P:

1     1     1     1     0
1     0     0     0     1
1     0     0     0     1
1     1     1     1     0
1     0     0     0     0
1     0     0     0     0
1     0     0     0     0

// Letra Q:

0     1     1     1     0
1     0     0     0     1
1     0     0     0     1
1     0     0     0     1
1     0     1     0     1
1     0     0     1     1
0     1     1     1     1

// Letra R:

1     1     1     1     0
1     0     0     0     1
1     0     0     0     1
1     1     1     1     0
1     0     1     0     0
1     0     0     1     0
1     0     0     0     1

// Letra S:

0     1     1     1     0
1     0     0     0     1
1     0     0     0     0
0     1     1     1     0
0     0     0     0     1
1     0     0     0     1
0     1     1     1     0

// Letra T:

1     1     1     1     1
0     0     1     0     0
0     0     1     0     0
0     0     1     0     0
0     0     1     0     0
0     0     1     0     0
0     0     1     0     0

// Letra U:

1     0     0     0     1
1     0     0     0     1
1     0     0     0     1
1     0     0     0     1
1     0     0     0     1
1     0     0     0     1
0     1     1     1     0

// Letra V:

1     0     0     0     1
1     0     0     0     1
1     0     0     0     1
1     0     0     0     1
0     1     0     1     0
0     0     1     0     0
0     0     1     0     0

// Letra W:

1     0     0     0     1
1     0     0     0     1
1     0     0     0     1
1     0     1     0     1
1     0     1     0     1
1     0     1     0     1
0     1     0     1     0

// Letra X:

1     0     0     0     1
0     1     0     1     0
0     0     1     0     0
0     0     1     0     0
0     0     1     0     0
0     1     0     1     0
1     0     0     0     1

// Letra Y:

1     0     0     0     1
1     0     0     0     1
0     1     0     1     0
0     0     1     0     0
0     0     1     0     0
0     0     1     0     0
0     0     1     0     0

// Letra Z:

1     1     1     1     1
0     0     0     1     0
0     0     1     0     0
0     0     1     0     0
0     0     1     0     0
0     1     0     0     0
1     1     1     1     1


