0.3549
0.0982
0.0893
0.0893
0.0893
0.0893
0.0871
0.0871
0.0893
0.0893
0.0893
0.0893
0.0893
0.0893
0.0893
0.0893
0.0915
0.0915
0.0893
0.0893
0.0915
0.0915
0.0915
0.0915
0.0915
0.0915
0.0915
0.0915
0.0915
0.0915
0.0915
0.0915
0.0915
0.0915
0.0915
0.0915
0.0915
0.0915
0.0915
0.0915
0.0915
0.0915
0.0915
0.0915
0.0915
0.0915
0.0915
0.0915
0.0915
0.0915
0.0915
0.0893
0.0915
0.0915
0.0915
0.0915
0.0915
0.0915
0.0915
0.0893
0.0893
0.0915
0.0915
0.0915
0.0915
0.0915
0.0915
0.0893
0.0893
0.0893
0.0915
0.0915
0.0915
0.0915
0.0915
0.0893
0.0893
0.0893
0.0893
0.0915
0.0915
0.0915
0.0915
0.0893
0.0893
0.0893
0.0893
0.0893
0.0893
0.0915
0.0893
0.0893
0.0893
0.0893
0.0893
0.0893
0.0893
0.0893
0.0893
0.0893
0.0893
