9770.195648
9763.746676
9763.681068
9763.654194
9763.639565
9763.630381
9763.624090
9763.619517
9763.616048
9763.613327
9763.611138
9763.609340
9763.607838
9763.606564
9763.605471
9763.604523
9763.603693
9763.602960
9763.602310
9763.601727
9763.601204
9763.600730
9763.600300
9763.599908
9763.599548
9763.599218
9763.598913
9763.598631
9763.598369
9763.598126
9763.597899
9763.597687
9763.597489
9763.597303
9763.597127
9763.596962
9763.596807
9763.596659
9763.596520
9763.596388
9763.596263
9763.596144
9763.596031
9763.595923
9763.595820
9763.595722
9763.595628
9763.595538
9763.595452
9763.595369
9763.595290
9763.595215
9763.595142
9763.595072
9763.595004
9763.594939
9763.594877
9763.594816
9763.594758
9763.594702
9763.594648
9763.594595
9763.594544
9763.594495
9763.594448
9763.594402
9763.594357
9763.594314
9763.594272
9763.594231
9763.594192
9763.594154
9763.594116
9763.594080
9763.594045
9763.594011
9763.593977
9763.593945
9763.593913
9763.593883
9763.593853
9763.593823
9763.593795
9763.593767
9763.593740
9763.593714
9763.593688
9763.593663
9763.593638
9763.593614
9763.593590
9763.593567
9763.593545
9763.593523
9763.593501
9763.593480
9763.593460
9763.593440
9763.593420
9763.593401
9763.593382
9763.593363
9763.593345
9763.593327
9763.593310
9763.593293
9763.593276
9763.593259
9763.593243
9763.593227
9763.593212
9763.593197
9763.593182
9763.593167
9763.593152
9763.593138
9763.593124
9763.593111
9763.593097
9763.593084
9763.593071
9763.593058
9763.593046
9763.593033
9763.593021
9763.593009
9763.592997
9763.592986
9763.592975
9763.592963
9763.592952
9763.592941
9763.592931
9763.592920
9763.592910
9763.592900
9763.592890
9763.592880
9763.592870
9763.592860
9763.592851
9763.592842
9763.592833
9763.592823
9763.592815
9763.592806
9763.592797
9763.592789
9763.592780
9763.592772
9763.592764
9763.592755
9763.592747
9763.592740
9763.592732
9763.592724
9763.592717
9763.592709
9763.592702
9763.592694
9763.592687
9763.592680
9763.592673
9763.592666
9763.592659
9763.592653
9763.592646
9763.592640
9763.592633
9763.592627
9763.592620
9763.592614
9763.592608
9763.592602
9763.592596
9763.592590
9763.592584
9763.592578
9763.592572
9763.592566
9763.592561
9763.592555
9763.592550
9763.592544
9763.592539
9763.592534
9763.592528
9763.592523
9763.592518
9763.592513
9763.592508
9763.592503
9763.592498
9763.592493
9763.592488
9763.592483
9763.592479
9763.592474
9763.592469
9763.592465
9763.592460
9763.592456
9763.592451
9763.592447
9763.592443
9763.592438
9763.592434
9763.592430
9763.592426
9763.592421
9763.592417
9763.592413
9763.592409
9763.592405
9763.592401
9763.592397
9763.592394
9763.592390
9763.592386
9763.592382
9763.592378
9763.592375
9763.592371
9763.592367
9763.592364
9763.592360
9763.592357
9763.592353
9763.592350
9763.592346
9763.592343
9763.592340
9763.592336
9763.592333
9763.592330
9763.592326
9763.592323
9763.592320
9763.592317
9763.592314
9763.592311
9763.592307
9763.592304
9763.592301
9763.592298
9763.592295
9763.592292
9763.592289
9763.592287
9763.592284
9763.592281
9763.592278
9763.592275
9763.592272
9763.592270
9763.592267
9763.592264
9763.592261
9763.592259
9763.592256
9763.592253
9763.592251
9763.592248
9763.592246
9763.592243
9763.592241
9763.592238
9763.592235
9763.592233
9763.592231
9763.592228
9763.592226
9763.592223
9763.592221
9763.592218
9763.592216
9763.592214
9763.592211
9763.592209
9763.592207
9763.592205
9763.592202
9763.592200
9763.592198
9763.592196
9763.592194
9763.592191
9763.592189
9763.592187
9763.592185
9763.592183
9763.592181
9763.592179
9763.592177
9763.592175
9763.592172
9763.592170
9763.592168
9763.592166
9763.592164
9763.592163
9763.592161
9763.592159
9763.592157
9763.592155
9763.592153
9763.592151
9763.592149
9763.592147
9763.592145
9763.592144
9763.592142
9763.592140
9763.592138
9763.592136
9763.592135
9763.592133
9763.592131
9763.592129
9763.592128
9763.592126
9763.592124
9763.592122
9763.592121
9763.592119
9763.592117
9763.592116
9763.592114
9763.592112
9763.592111
9763.592109
9763.592108
9763.592106
9763.592104
9763.592103
9763.592101
9763.592100
9763.592098
9763.592097
9763.592095
9763.592094
9763.592092
9763.592090
9763.592089
9763.592088
9763.592086
9763.592085
9763.592083
9763.592082
9763.592080
9763.592079
9763.592077
9763.592076
9763.592075
9763.592073
9763.592072
9763.592070
9763.592069
9763.592068
9763.592066
9763.592065
9763.592064
9763.592062
9763.592061
9763.592060
9763.592058
9763.592057
9763.592056
9763.592054
9763.592053
9763.592052
9763.592051
9763.592049
9763.592048
9763.592047
9763.592045
9763.592044
9763.592043
9763.592042
9763.592041
9763.592039
9763.592038
9763.592037
9763.592036
9763.592035
9763.592033
9763.592032
9763.592031
9763.592030
9763.592029
9763.592028
9763.592026
9763.592025
9763.592024
9763.592023
9763.592022
9763.592021
9763.592020
9763.592019
9763.592018
9763.592016
9763.592015
9763.592014
9763.592013
9763.592012
9763.592011
9763.592010
9763.592009
9763.592008
9763.592007
9763.592006
9763.592005
9763.592004
9763.592003
9763.592002
9763.592001
9763.592000
9763.591999
9763.591998
9763.591997
9763.591996
9763.591995
9763.591994
9763.591993
9763.591992
9763.591991
9763.591990
9763.591989
9763.591988
9763.591987
9763.591986
9763.591985
9763.591984
9763.591983
9763.591982
9763.591982
9763.591981
9763.591980
9763.591979
9763.591978
9763.591977
9763.591976
9763.591975
9763.591974
9763.591974
9763.591973
9763.591972
9763.591971
9763.591970
9763.591969
9763.591968
9763.591967
9763.591967
9763.591966
9763.591965
9763.591964
9763.591963
9763.591962
9763.591962
9763.591961
9763.591960
9763.591959
9763.591958
9763.591958
9763.591957
9763.591956
9763.591955
9763.591954
9763.591954
9763.591953
9763.591952
9763.591951
9763.591950
9763.591950
9763.591949
9763.591948
9763.591947
9763.591947
9763.591946
9763.591945
9763.591944
9763.591944
9763.591943
9763.591942
9763.591941
9763.591941
9763.591940
9763.591939
9763.591939
9763.591938
9763.591937
9763.591936
9763.591936
9763.591935
9763.591934
9763.591934
9763.591933
9763.591932
9763.591931
9763.591931
9763.591930
9763.591929
9763.591929
9763.591928
9763.591927
9763.591927
9763.591926
9763.591925
9763.591925
9763.591924
9763.591923
9763.591923
9763.591922
9763.591921
9763.591921
9763.591920
9763.591919
9763.591919
9763.591918
9763.591917
9763.591917
9763.591916
9763.591916
9763.591915
9763.591914
9763.591914
9763.591913
9763.591912
9763.591912
9763.591911
9763.591911
9763.591910
9763.591909
9763.591909
9763.591908
9763.591908
9763.591907
9763.591906
9763.591906
9763.591905
9763.591905
9763.591904
9763.591903
9763.591903
9763.591902
9763.591902
9763.591901
9763.591901
9763.591900
9763.591899
9763.591899
9763.591898
9763.591898
9763.591897
9763.591897
9763.591896
9763.591896
9763.591895
9763.591894
9763.591894
9763.591893
9763.591893
9763.591892
9763.591892
9763.591891
9763.591891
9763.591890
9763.591890
9763.591889
9763.591889
9763.591888
9763.591887
9763.591887
9763.591886
9763.591886
9763.591885
9763.591885
9763.591884
9763.591884
9763.591883
9763.591883
9763.591882
9763.591882
9763.591881
9763.591881
9763.591880
9763.591880
9763.591879
9763.591879
9763.591878
9763.591878
9763.591877
9763.591877
9763.591876
9763.591876
9763.591875
9763.591875
9763.591874
9763.591874
9763.591874
9763.591873
9763.591873
9763.591872
9763.591872
9763.591871
9763.591871
9763.591870
9763.591870
9763.591869
9763.591869
9763.591868
9763.591868
9763.591868
9763.591867
9763.591867
9763.591866
9763.591866
9763.591865
9763.591865
9763.591864
9763.591864
9763.591863
9763.591863
9763.591863
9763.591862
9763.591862
9763.591861
9763.591861
9763.591860
9763.591860
9763.591860
9763.591859
9763.591859
9763.591858
9763.591858
9763.591857
9763.591857
9763.591857
9763.591856
9763.591856
9763.591855
9763.591855
9763.591855
9763.591854
9763.591854
9763.591853
9763.591853
9763.591853
9763.591852
9763.591852
9763.591851
9763.591851
9763.591851
9763.591850
9763.591850
9763.591849
9763.591849
9763.591849
9763.591848
9763.591848
9763.591847
9763.591847
9763.591847
9763.591846
9763.591846
9763.591845
9763.591845
9763.591845
9763.591844
9763.591844
9763.591844
9763.591843
9763.591843
9763.591842
9763.591842
9763.591842
9763.591841
9763.591841
9763.591841
9763.591840
9763.591840
9763.591839
9763.591839
9763.591839
9763.591838
9763.591838
9763.591838
9763.591837
9763.591837
9763.591837
9763.591836
9763.591836
9763.591836
9763.591835
9763.591835
9763.591834
9763.591834
9763.591834
9763.591833
9763.591833
9763.591833
9763.591832
9763.591832
9763.591832
9763.591831
9763.591831
9763.591831
9763.591830
9763.591830
9763.591830
9763.591829
9763.591829
9763.591829
9763.591828
9763.591828
9763.591828
9763.591827
9763.591827
9763.591827
9763.591826
9763.591826
9763.591826
9763.591825
9763.591825
9763.591825
9763.591824
9763.591824
9763.591824
9763.591823
9763.591823
9763.591823
9763.591823
9763.591822
9763.591822
9763.591822
9763.591821
9763.591821
9763.591821
9763.591820
9763.591820
9763.591820
9763.591819
9763.591819
9763.591819
9763.591818
9763.591818
9763.591818
9763.591818
9763.591817
9763.591817
9763.591817
9763.591816
9763.591816
9763.591816
9763.591816
9763.591815
9763.591815
9763.591815
9763.591814
9763.591814
9763.591814
9763.591813
9763.591813
9763.591813
9763.591813
9763.591812
9763.591812
9763.591812
9763.591811
9763.591811
9763.591811
9763.591811
9763.591810
9763.591810
9763.591810
9763.591809
9763.591809
9763.591809
9763.591809
9763.591808
9763.591808
9763.591808
9763.591808
9763.591807
9763.591807
9763.591807
9763.591806
9763.591806
9763.591806
9763.591806
9763.591805
9763.591805
9763.591805
9763.591805
9763.591804
9763.591804
9763.591804
9763.591803
9763.591803
9763.591803
9763.591803
9763.591802
9763.591802
9763.591802
9763.591802
9763.591801
9763.591801
9763.591801
9763.591801
9763.591800
9763.591800
9763.591800
9763.591800
9763.591799
9763.591799
9763.591799
9763.591799
9763.591798
9763.591798
9763.591798
9763.591798
9763.591797
9763.591797
9763.591797
9763.591797
9763.591796
9763.591796
9763.591796
9763.591796
9763.591795
9763.591795
9763.591795
9763.591795
9763.591794
9763.591794
9763.591794
9763.591794
9763.591793
9763.591793
9763.591793
9763.591793
9763.591793
9763.591792
9763.591792
9763.591792
9763.591792
9763.591791
9763.591791
9763.591791
9763.591791
9763.591790
9763.591790
9763.591790
9763.591790
9763.591789
9763.591789
9763.591789
9763.591789
9763.591789
9763.591788
9763.591788
9763.591788
9763.591788
9763.591787
9763.591787
9763.591787
9763.591787
9763.591787
9763.591786
9763.591786
9763.591786
9763.591786
9763.591785
9763.591785
9763.591785
9763.591785
9763.591785
9763.591784
9763.591784
9763.591784
9763.591784
9763.591783
9763.591783
9763.591783
9763.591783
9763.591783
9763.591782
9763.591782
9763.591782
9763.591782
9763.591782
9763.591781
9763.591781
9763.591781
9763.591781
9763.591781
9763.591780
9763.591780
9763.591780
9763.591780
9763.591780
9763.591779
9763.591779
9763.591779
9763.591779
9763.591778
9763.591778
9763.591778
9763.591778
9763.591778
9763.591777
9763.591777
9763.591777
9763.591777
9763.591777
9763.591776
9763.591776
9763.591776
9763.591776
9763.591776
9763.591775
9763.591775
9763.591775
9763.591775
9763.591775
9763.591775
9763.591774
9763.591774
9763.591774
9763.591774
9763.591774
9763.591773
9763.591773
9763.591773
9763.591773
9763.591773
9763.591772
9763.591772
9763.591772
9763.591772
9763.591772
9763.591771
9763.591771
9763.591771
9763.591771
9763.591771
9763.591771
9763.591770
9763.591770
9763.591770
9763.591770
9763.591770
9763.591769
9763.591769
9763.591769
9763.591769
9763.591769
9763.591769
9763.591768
9763.591768
9763.591768
9763.591768
9763.591768
9763.591767
9763.591767
9763.591767
9763.591767
9763.591767
9763.591767
9763.591766
9763.591766
9763.591766
9763.591766
9763.591766
9763.591765
9763.591765
9763.591765
9763.591765
9763.591765
9763.591765
9763.591764
9763.591764
9763.591764
9763.591764
9763.591764
9763.591764
9763.591763
9763.591763
9763.591763
9763.591763
9763.591763
9763.591763
9763.591762
9763.591762
9763.591762
9763.591762
9763.591762
9763.591762
9763.591761
9763.591761
9763.591761
9763.591761
9763.591761
9763.591761
9763.591760
9763.591760
9763.591760
9763.591760
9763.591760
9763.591760
9763.591759
9763.591759
9763.591759
9763.591759
9763.591759
9763.591759
9763.591758
9763.591758
9763.591758
9763.591758
9763.591758
9763.591758
9763.591757
9763.591757
9763.591757
9763.591757
9763.591757
9763.591757
9763.591757
9763.591756
9763.591756
9763.591756
9763.591756
9763.591756
9763.591756
9763.591755
9763.591755
9763.591755
9763.591755
9763.591755
9763.591755
9763.591755
9763.591754
9763.591754
9763.591754
9763.591754
9763.591754
9763.591754
9763.591753
9763.591753
9763.591753
9763.591753
9763.591753
9763.591753
9763.591753
9763.591752
9763.591752
9763.591752
9763.591752
9763.591752
9763.591752
9763.591752
9763.591751
9763.591751
9763.591751
9763.591751
9763.591751
9763.591751
9763.591751
9763.591750
9763.591750
9763.591750
9763.591750
9763.591750
9763.591750
9763.591750
9763.591749
9763.591749
9763.591749
9763.591749
9763.591749
9763.591749
9763.591749
9763.591748
9763.591748
9763.591748
9763.591748
9763.591748
9763.591748
9763.591748
9763.591747
9763.591747
9763.591747
9763.591747
9763.591747
9763.591747
9763.591747
9763.591746
9763.591746
9763.591746
9763.591746
9763.591746
9763.591746
9763.591746
9763.591745
9763.591745
9763.591745
9763.591745
9763.591745
9763.591745
9763.591745
9763.591745
9763.591744
9763.591744
9763.591744
9763.591744
9763.591744
9763.591744
9763.591744
9763.591743
9763.591743
9763.591743
9763.591743
9763.591743
9763.591743
9763.591743
9763.591743
9763.591742
9763.591742
9763.591742
9763.591742
9763.591742
9763.591742
9763.591742
9763.591742
9763.591741
9763.591741
9763.591741
9763.591741
9763.591741
9763.591741
9763.591741
9763.591741
9763.591740
9763.591740
9763.591740
9763.591740
9763.591740
9763.591740
9763.591740
9763.591740
9763.591739
9763.591739
9763.591739
9763.591739
9763.591739
9763.591739
9763.591739
9763.591739
9763.591738
9763.591738
9763.591738
9763.591738
9763.591738
9763.591738
9763.591738
9763.591738
9763.591737
9763.591737
9763.591737
9763.591737
9763.591737
9763.591737
9763.591737
9763.591737
9763.591736
9763.591736
9763.591736
9763.591736
9763.591736
9763.591736
9763.591736
9763.591736
9763.591736
9763.591735
9763.591735
9763.591735
9763.591735
9763.591735
9763.591735
9763.591735
9763.591735
9763.591734
9763.591734
9763.591734
9763.591734
9763.591734
9763.591734
9763.591734
9763.591734
9763.591734
9763.591733
9763.591733
9763.591733
9763.591733
9763.591733
9763.591733
9763.591733
9763.591733
9763.591733
9763.591732
9763.591732
9763.591732
9763.591732
9763.591732
9763.591732
9763.591732
9763.591732
9763.591732
9763.591731
9763.591731
9763.591731
9763.591731
9763.591731
9763.591731
9763.591731
9763.591731
9763.591731
9763.591730
9763.591730
9763.591730
9763.591730
9763.591730
9763.591730
9763.591730
9763.591730
9763.591730
9763.591729
9763.591729
9763.591729
9763.591729
9763.591729
9763.591729
9763.591729
9763.591729
9763.591729
9763.591729
9763.591728
9763.591728
9763.591728
9763.591728
9763.591728
9763.591728
9763.591728
9763.591728
9763.591728
9763.591727
9763.591727
9763.591727
9763.591727
9763.591727
9763.591727
9763.591727
9763.591727
9763.591727
9763.591727
9763.591726
9763.591726
9763.591726
9763.591726
9763.591726
9763.591726
9763.591726
9763.591726
9763.591726
9763.591726
9763.591725
9763.591725
9763.591725
9763.591725
9763.591725
