1.4100 
1.4700 
1.5300 
1.5900 
1.6600 
1.7200 
1.7800 
1.8400 
1.9100 
1.9700 
2.0300 
2.0900 
2.1600 
2.2200 
2.2800 
2.3400 
2.4100 
2.4700 
2.5300 
2.5900 
2.6500 
2.7100 
2.7700 
2.8200 
2.8800 
2.9400 
2.9900 
3.0500 
3.1000 
3.1500 
3.2000 
3.2500 
3.3000 
3.3500 
3.3900 
3.4400 
3.4800 
3.5200 
3.5600 
3.6000 
3.6400 
3.6700 
3.7100 
3.7400 
3.7700 
3.8000 
3.8300 
3.8500 
3.8700 
3.8900 
3.9100 
3.9300 
3.9500 
3.9600 
3.9700 
3.9800 
3.9900 
3.9900 
4.0000 
4.0000 
4.0000 
4.0000 
3.9900 
3.9900 
3.9800 
3.9700 
3.9600 
3.9400 
3.9300 
3.9100 
3.8900 
3.8700 
3.8400 
3.8200 
3.7900 
3.7600 
3.7300 
3.7000 
3.6700 
3.6300 
3.5900 
3.5500 
3.5100 
3.4700 
3.4300 
3.3800 
3.3400 
3.2900 
3.2400 
3.1900 
3.1400 
3.0900 
3.0300 
2.9800 
2.9200 
2.8700 
2.8100 
2.7500 
2.6900 
2.6300 
2.5700 
2.5100 
2.4500 
2.3900 
2.3300 
2.2700 
2.2000 
2.1400 
2.0800 
2.0200 
1.9500 
1.8900 
1.8300 
1.7600 
1.7000 
1.6400 
1.5800 
1.5200 
1.4600 
1.4000 
1.3400 
1.2800 
1.2200 
1.1600 
1.1000 
1.0500 
0.9900 
0.9400 
0.8900 
0.8300 
0.7800 
0.7300 
0.6900 
0.6400 
0.5900 
0.5500 
0.5100 
0.4700 
0.4300 
0.3900 
0.3500 
0.3200 
0.2800 
0.2500 
0.2200 
0.1900 
0.1700 
0.1400 
0.1200 
0.1000 
0.0800 
0.0700 
0.0500 
0.0400 
0.0300 
0.0200 
0.0100 
0.0000 
0.0000 
0.0000 
0.0000 
0.0000 
0.0100 
0.0100 
0.0200 
0.0300 
0.0500 
0.0600 
0.0800 
0.1000 
0.1200 
0.1400 
0.1600 
0.1900 
0.2200 
0.2400 
0.2800 
0.3100 
0.3400 
0.3800 
0.4200 
0.4600 
0.5000 
0.5400 
0.5800 
0.6300 
0.6700 
0.7200 
0.7700 
0.8200 
