2.7100 
2.2759 
2.1471 
2.0891 
2.1578 
1.8813 
2.2007 
2.2089 
2.0299 
2.0127 
2.0982 
1.9340 
1.9870 
2.1009 
2.0388 
1.9699 
2.7383 
2.8972 
3.1674 
3.0323 
3.3856 
4.1866 
4.4094 
4.8898 
4.0527 
3.7870 
3.6664 
3.5138 
3.7959 
4.4337 
5.1253 
6.6908 
7.0036 
7.1804 
6.3231 
5.4312 
4.3290 
4.3700 
5.2978 
4.5984 
4.6802 
6.3395 
5.9096 
5.3541 
5.1622 
5.2867 
4.8206 
4.8776 
4.8090 
4.9738 
5.3519 
3.8480 
3.5953 
3.0020 
2.2549 
1.8717 
2.0487 
2.1538 
1.8438 
1.3854 
1.6623 
2.1944 
2.4412 
3.4324 
3.6298 
3.4686 
4.4803 
4.1240 
2.1339 
2.5998 
4.7130 
5.4637 
5.5238 
4.3393 
3.7425 
3.7763 
3.3688 
4.1145 
3.9031 
3.5415 
3.3090 
2.7490 
2.0034 
1.8929 
3.6888 
4.2712 
4.3678 
5.7352 
6.2830 
6.3772 
5.2365 
6.4487 
5.5732 
4.8105 
6.9970 
8.4402 
6.2651 
4.7684 
2.0129 
2.3775 
-0.9950 
-1.1118 
-1.4024 
-0.2746 
0.7038 
0.5473 
-0.9553 
-1.5821 
-1.8220 
-0.9336 
-1.4833 
-1.7425 
-2.1754 
-1.5416 
-2.9347 
-4.2114 
-2.8157 
-3.1795 
-1.4310 
-1.4158 
-1.4505 
-2.1081 
-2.9106 
-2.4901 
-1.9973 
-1.1041 
-0.3452 
-0.5625 
0.1883 
0.6214 
-0.6476 
-1.5177 
0.0717 
1.5123 
2.3536 
1.4535 
0.1137 
-0.2582 
-0.5721 
-2.2676 
-3.4339 
-1.6718 
-0.6323 
0.1152 
-0.7149 
-1.0629 
-2.2596 
-1.7884 
-1.4595 
1.7170 
4.6986 
5.3916 
4.0302 
3.6237 
3.7917 
2.7876 
2.0751 
3.8400 
4.9554 
5.7336 
5.1051 
4.0144 
2.9388 
-0.2855 
0.8567 
2.1188 
4.5843 
3.8226 
2.0618 
-0.1953 
-0.2088 
-0.7055 
0.1676 
-1.5151 
1.2090 
1.6364 
0.4347 
-1.8351 
-3.3335 
-2.3850 
-2.3748 
-1.6044 
1.5950 
1.7268 
2.9522 
-0.9554 
-0.1945 
-1.0646 
-0.4716 
1.3370 
5.9052 
6.3884 
6.3434 
2.0668 
1.4080 
0.2922 
3.4159 
4.0288 
7.4072 
6.5952 
4.7554 
1.0161 
-0.6953 
-0.1422 
2.5768 
2.4856 
5.5134 
5.6292 
3.0306 
0.5788 
-0.7815 
0.2053 
1.8419 
3.2476 
4.3280 
4.3749 
4.6814 
2.2792 
-0.9515 
1.0210 
3.8229 
3.0523 
6.3112 
6.0515 
6.0549 
1.1220 
-0.8082 
-0.8420 
2.5050 
2.5181 
4.4667 
3.1725 
4.5593 
-0.8456 
-1.0827 
-2.9570 
-1.9088 
2.6908 
2.8508 
-0.2254 
0.3406 
-2.7019 
-3.5070 
-4.4470 
0.4109 
2.2163 
2.8818 
2.2340 
1.1693 
-1.3618 
-3.6031 
-2.2429 
2.9520 
3.4297 
6.1609 
5.3373 
2.9325 
1.5435 
-0.9206 
1.0119 
2.3213 
6.5449 
5.7464 
3.4345 
1.9123 
2.0352 
0.2535 
0.4806 
0.9149 
5.4695 
3.1260 
3.4692 
0.2967 
-0.2357 
-1.8083 
-0.4406 
0.4028 
5.3020 
3.4915 
5.7015 
-0.6121 
-0.8761 
-1.9335 
-0.4683 
0.3612 
6.7142 
7.0158 
4.9827 
0.0018 
-0.4852 
-2.7767 
-0.0334 
0.9508 
5.9508 
6.5591 
3.1200 
-1.0599 
-2.7663 
-3.1798 
-1.7724 
1.2762 
3.4227 
1.8161 
1.6260 
-1.6812 
-3.4066 
-2.6895 
-0.8544 
1.4914 
2.8378 
3.9974 
2.5128 
-1.3023 
-2.1981 
-1.8391 
0.7173 
1.4458 
5.6139 
5.2238 
2.5940 
0.5526 
-2.1181 
-0.9515 
0.4837 
1.4684 
6.8438 
3.8522 
3.2558 
0.1073 
-2.6961 
-0.9131 
0.8327 
2.3783 
5.6093 
3.3033 
1.9562 
-1.6637 
-1.0676 
-2.7667 
0.7083 
3.3052 
3.5000 
4.0801 
2.1501 
-1.1711 
-3.1834 
-1.3767 
1.9927 
3.5257 
4.1781 
4.2225 
2.1532 
1.0036 
-1.6856 
0.0062 
-0.3373 
4.4405 
3.8786 
4.9572 
0.2735 
0.1251 
-1.9015 
-0.1330 
-0.9075 
5.3891 
3.8714 
3.3511 
0.7997 
1.2120 
-2.8191 
0.1791 
0.0167 
6.5447 
5.1827 
4.9440 
0.2162 
0.8804 
-3.5750 
0.6504 
2.5010 
6.5132 
5.7948 
4.8650 
0.1166 
-1.1768 
-0.8987 
0.8388 
1.5549 
5.8332 
5.0169 
3.0277 
-0.1708 
-1.7505 
-0.9546 
0.8444 
1.8677 
4.3576 
4.2864 
2.1364 
-1.2653 
